title	1	2	3	FeZn	Ag	Au	Cu	Fe	In	Mo	Ni	Pb	Sn	Ti	W	Zn	Zr	Magnet	OhneMagnet
1	0	0	0	0	0	0	0	0	0	0	0	0	0	0	0	0	0	0	0
2	0	0	0	0	0	0	0	0	0	0	0	0	0	0	0	0	0	0	0
3	0	0	0	0	0	0	0	0	0	0	0	0	0	0	0	0	0	0	0
4	0	0	0	0	0	0	0	0	0	0	0	0	0	0	0	0	0	0	0
5	0	0	0	0	0	0	0	0	0	0	0	0	0	0	0	0	0	0	0
6	0	0	0	0	0	0	0	0	0	0	0	0	0	0	0	0	0	0	0
7	0	0	0	0	0	0	0	0	0	0	0	0	0	0	0	0	0	0	0
8	0	0	0	0	0	0	0	0	0	0	0	0	0	0	0	0	0	0	0
9	0	0	0	0	0	0	0	0	0	0	0	0	0	0	0	0	0	0	0
10	0	0	0	0	0	0	0	0	0	0	0	0	0	0	0	0	0	0	0
11	0	0	0	0	0	0	0	0	0	0	0	0	0	0	0	0	0	0	0
12	0	0	0	0	0	0	0	0	0	0	0	0	0	0	0	0	0	0	0
13	0	0	0	0	0	0	0	0	0	0	0	0	0	0	0	0	0	0	0
14	0	0	0	0	0	0	0	0	0	0	0	0	0	0	0	0	0	0	0
15	0	0	0	0	0	0	0	0	0	0	0	0	0	0	0	0	0	0	0
16	2	1	0	0	0	0	1	2	0	0	0	0	0	0	0	0	0	0	0
17	0	1	0	1	0	1	0	2	0	0	2	0	1	0	0	0	0	0	0
18	0	0	0	1	0	0	0	0	0	0	0	0	0	0	0	1	0	0	0
19	0	0	0	0	0	0	0	0	0	0	0	0	0	0	0	0	0	0	0
20	1	0	0	0	0	0	0	0	0	0	0	0	0	0	0	0	0	0	0
21	0	0	0	0	0	0	0	0	0	0	0	0	0	0	0	0	0	0	0
22	0	0	0	0	0	0	0	0	0	0	0	0	0	0	0	0	0	0	0
23	0	0	0	0	0	0	0	0	0	0	1	0	0	0	0	0	0	0	0
24	0	0	0	0	0	0	0	0	0	0	0	0	0	0	0	0	0	0	0
25	1	0	0	0	0	0	0	1	0	0	1	0	0	0	0	0	0	0	0
26	1	0	0	0	0	0	0	4	0	0	0	0	0	1	0	0	0	0	0
27	1	0	1	1	0	0	1	5	0	0	3	0	0	0	0	0	0	0	0
28	3	0	2	2	0	0	1	5	0	0	2	0	1	1	0	0	0	0	0
29	6	0	4	0	0	1	2	7	1	0	3	0	1	0	2	2	0	0	0
30	7	2	2	0	0	2	0	6	0	0	4	1	1	3	1	3	0	3	2
31	9	4	5	4	0	1	4	11	0	0	3	1	1	0	0	4	1	1	0
32	6	4	11	4	0	1	1	15	0	0	3	1	2	1	1	3	1	2	1
33	10	8	3	2	1	1	4	22	2	1	6	2	0	11	2	7	2	0	2
34	19	8	15	1	1	0	5	19	2	0	5	0	6	14	1	5	2	1	2
35	21	9	21	7	2	1	6	23	5	5	7	3	4	16	5	9	2	5	1
36	24	12	27	10	0	4	8	35	1	1	14	1	4	10	2	6	4	4	5
37	32	16	21	11	7	4	13	42	6	5	19	2	4	27	2	9	4	3	3
38	33	15	28	16	6	7	8	33	6	4	15	3	10	31	5	15	4	8	10
39	32	15	44	13	3	3	18	49	4	7	21	8	12	37	6	15	5	7	11
40	42	26	36	19	5	7	19	48	4	7	25	12	6	48	6	25	4	11	9
41	69	27	38	10	8	4	18	69	8	5	25	3	8	57	9	26	5	8	7
42	52	19	54	9	6	5	30	73	8	7	23	8	8	54	7	21	9	13	7
43	57	23	58	27	9	6	25	69	8	15	32	10	10	49	6	28	6	10	8
44	55	27	67	19	10	7	21	80	9	9	33	17	10	85	12	22	13	17	10
45	62	28	75	19	19	9	22	73	14	12	38	13	12	109	10	26	7	11	7
46	66	31	56	19	34	13	23	74	12	14	40	13	10	92	11	23	11	18	15
47	70	35	64	15	42	7	27	66	21	6	39	23	19	102	11	33	8	14	23
48	69	29	68	22	65	13	25	91	19	7	44	13	13	103	10	30	12	19	17
49	77	29	73	26	90	9	38	87	22	9	56	14	16	106	17	28	14	18	12
50	75	29	62	15	95	13	39	82	32	10	34	17	24	115	18	29	12	9	10
51	73	33	51	23	94	9	37	84	51	9	42	15	25	105	12	28	6	17	14
52	92	34	65	25	113	11	25	80	83	7	53	13	34	96	12	35	8	17	8
53	84	27	63	16	102	13	30	81	91	9	38	13	57	100	11	32	7	21	11
54	93	22	76	33	119	15	42	91	149	5	38	16	67	92	11	34	6	13	14
55	97	39	73	27	113	7	23	80	195	9	47	18	120	84	11	33	10	20	20
56	91	46	92	20	126	9	35	95	207	9	48	14	138	103	10	30	14	18	19
57	109	34	71	37	117	8	26	83	266	12	41	14	215	99	9	39	10	22	11
58	91	40	66	22	97	7	39	91	228	8	40	12	227	95	15	36	12	17	15
59	101	28	66	26	80	7	37	93	270	9	38	10	292	89	14	30	19	23	15
60	104	41	82	32	69	10	39	97	267	5	42	11	281	91	12	26	7	24	12
61	118	43	87	33	51	13	38	95	268	9	45	11	347	90	11	44	4	19	17
62	106	36	84	24	45	6	42	90	243	6	48	10	381	119	13	47	11	30	10
63	104	39	94	29	31	9	25	114	221	10	57	10	379	88	14	48	4	20	14
64	120	30	81	23	22	8	31	106	207	9	63	22	354	105	13	28	17	25	13
65	100	34	80	34	22	16	38	124	201	6	49	13	346	120	16	31	11	26	18
66	114	36	96	29	14	12	31	118	115	5	56	13	283	135	10	38	6	18	16
67	132	36	72	39	8	9	30	106	105	8	52	19	290	217	17	48	14	18	12
68	91	52	67	24	6	11	32	154	101	12	53	10	220	321	10	39	14	22	30
69	107	33	94	36	8	13	34	149	63	6	47	9	163	514	10	36	16	24	30
70	114	47	79	32	3	11	33	128	59	11	62	16	145	859	8	41	11	30	38
71	130	39	76	28	4	8	36	161	46	7	50	13	98	1450	10	23	15	34	48
72	145	42	86	38	3	16	40	136	29	12	83	11	77	2092	12	30	8	42	85
73	146	40	87	35	5	14	33	153	8	8	63	15	69	3061	20	42	14	67	107
74	142	37	79	40	2	16	36	174	16	6	66	13	55	3912	10	42	13	78	118
75	160	41	80	35	6	11	42	175	12	9	55	17	31	4530	9	48	14	70	158
76	161	51	88	47	5	10	41	196	13	10	56	14	36	4968	12	35	10	103	182
77	187	53	100	48	3	9	42	217	10	11	71	12	19	5059	14	53	18	94	170
78	205	47	80	40	2	11	47	182	6	12	75	9	12	4909	7	56	11	92	170
79	216	60	81	41	1	9	42	183	3	12	77	17	14	4462	12	42	12	89	179
80	202	49	93	47	5	18	41	170	5	9	67	10	6	3809	19	48	12	85	154
81	324	43	110	54	2	8	40	184	3	6	69	14	8	3321	19	47	7	77	152
82	399	51	93	52	4	15	47	172	4	10	70	16	4	2720	14	61	17	81	111
83	538	46	97	49	2	14	47	196	3	9	70	16	6	2148	5	59	8	57	95
84	768	61	86	56	5	15	51	204	3	7	73	8	3	1696	19	52	16	56	76
85	1074	64	109	42	3	13	63	231	5	8	76	18	5	1234	22	41	13	55	57
86	1390	43	101	49	3	15	49	175	2	11	68	12	6	922	14	55	11	63	53
87	1663	55	109	45	6	13	56	229	1	12	71	15	3	637	15	48	17	37	44
88	2033	45	90	46	2	15	54	200	1	10	72	18	0	475	17	52	13	41	35
89	2114	49	102	52	2	14	56	276	4	8	82	22	0	323	22	38	11	47	39
90	2097	48	116	65	3	11	65	236	4	15	73	20	4	236	21	49	13	40	37
91	1999	64	102	58	2	22	56	287	3	10	81	12	6	140	33	49	11	37	26
92	1946	60	93	72	8	12	49	304	6	12	101	19	5	84	22	59	11	38	20
93	1703	48	100	72	4	15	42	394	9	6	94	14	2	51	23	64	17	48	20
94	1596	62	103	132	7	12	52	530	12	13	105	14	6	36	12	50	17	38	22
95	1587	59	111	188	3	7	56	844	9	14	104	18	6	31	21	42	15	39	21
96	1720	68	130	285	5	13	59	1462	2	18	137	16	0	22	22	59	6	45	17
97	2073	68	133	467	7	20	53	2374	5	13	131	16	5	27	18	50	19	48	22
98	2757	56	136	732	8	11	65	3749	9	20	164	21	4	23	33	60	33	49	18
99	3515	77	104	1101	11	14	68	5416	4	10	147	19	5	20	21	64	20	47	23
100	4581	82	128	1545	8	27	60	7618	4	12	184	24	5	14	19	63	29	33	37
101	5960	75	134	2054	10	15	73	9387	12	21	220	21	11	19	26	57	35	49	39
102	7211	82	142	2510	13	30	78	11081	16	25	263	17	11	27	31	66	46	40	21
103	7935	91	174	2814	15	34	79	11829	15	39	312	25	7	15	28	73	42	62	33
104	8219	108	185	2842	22	39	87	12261	13	22	363	42	13	12	13	86	42	63	25
105	8207	90	200	2797	14	33	86	11513	19	26	323	33	13	20	30	88	63	58	44
106	7288	99	182	2542	14	45	84	10288	18	31	340	38	10	21	25	83	52	75	43
107	6236	94	169	2100	9	28	80	8640	14	30	304	39	7	24	29	109	52	87	28
108	5154	98	162	1696	6	26	83	6986	11	27	267	35	8	27	21	117	44	115	47
109	4186	102	149	1439	8	37	80	5780	14	29	261	36	9	25	31	98	39	140	34
110	3436	110	170	1111	19	27	88	4539	19	37	293	26	4	28	29	95	40	188	41
111	2794	105	150	987	9	29	91	3806	11	34	329	29	7	35	30	100	34	214	42
112	2407	103	172	799	12	23	109	3241	12	32	540	26	8	45	32	113	34	258	32
113	2138	96	171	701	10	22	112	2976	11	35	832	34	10	34	43	85	32	294	57
114	1841	114	166	641	10	26	131	2463	4	29	1374	40	13	44	44	122	42	272	53
115	1654	116	169	540	7	28	110	1992	8	20	2050	32	8	39	56	95	42	226	56
116	1376	120	180	454	21	28	117	1652	16	20	3165	41	10	45	62	114	36	220	64
117	1167	141	178	380	19	31	125	1306	10	39	4463	39	9	47	67	131	41	215	70
118	1029	128	194	291	27	33	157	989	8	33	5614	42	7	30	70	117	43	180	77
119	830	195	243	216	17	48	186	764	13	34	6523	60	6	45	81	139	48	172	90
120	741	258	271	160	25	46	267	580	5	36	7027	54	13	28	95	133	40	189	137
121	622	410	366	152	27	61	434	436	13	35	6836	64	16	35	103	190	55	223	160
122	493	650	512	109	26	55	783	329	24	38	6241	87	15	49	82	220	60	270	229
123	375	1091	767	98	26	57	1332	268	42	37	5124	102	20	39	91	277	45	363	348
124	264	1683	1054	89	33	106	2163	233	42	54	4192	145	37	46	80	369	53	459	442
125	216	2414	1593	68	32	99	2993	205	55	62	3150	198	42	56	88	525	72	589	633
126	209	3080	2007	61	37	123	4027	173	92	82	2462	275	61	60	106	607	79	740	798
127	191	3653	2493	83	46	149	5001	153	103	91	1829	280	79	78	127	788	86	924	927
128	163	4230	2726	75	53	161	5258	160	133	95	1517	368	97	81	199	911	95	907	987
129	158	4318	2822	104	57	148	5456	143	145	105	1349	415	99	77	342	1029	98	952	927
130	140	4065	2676	129	64	188	5032	128	136	108	1254	398	106	52	502	1283	86	912	859
131	142	3838	2607	150	57	147	4373	108	144	92	1183	325	87	60	666	1503	83	731	763
132	139	3348	2410	219	39	165	3664	119	118	92	1207	310	80	50	849	2121	87	656	682
133	100	2976	2240	281	42	160	2898	108	92	68	1044	241	83	38	1002	2758	90	490	569
134	100	2824	2127	310	34	127	2078	108	73	42	852	180	46	26	1099	3549	81	432	433
135	114	2803	2209	382	21	112	1479	127	56	44	664	142	39	24	1087	4374	79	327	350
136	97	2759	2186	411	24	110	1160	117	40	51	548	125	35	22	975	5045	124	281	278
137	90	2607	2080	346	17	134	898	133	45	58	407	99	28	23	836	5469	163	244	270
138	76	2605	2077	351	23	129	784	163	41	66	298	105	29	23	680	5150	217	246	243
139	67	2294	1856	302	17	134	774	169	46	78	202	95	51	31	511	4550	267	238	242
140	98	1973	1608	219	21	151	791	157	39	79	143	111	29	13	369	3807	331	261	236
141	84	1721	1352	171	21	141	860	149	58	111	103	102	45	21	276	2953	333	231	218
142	76	1343	1086	134	19	154	743	147	42	98	82	130	33	17	182	2206	342	208	177
143	86	1027	845	104	12	158	725	124	49	109	64	131	26	21	114	1619	293	186	174
144	79	753	651	82	14	134	525	144	20	88	47	119	23	9	87	1058	254	156	157
145	110	560	444	64	10	136	478	115	36	71	41	141	27	20	97	884	256	116	125
146	95	416	345	70	16	146	344	123	27	45	37	117	19	15	121	670	168	99	109
147	104	315	210	54	19	211	229	120	20	63	28	105	11	12	194	591	100	87	86
148	114	263	223	80	11	312	149	131	12	29	26	100	11	7	315	690	110	59	56
149	104	230	191	73	15	416	101	133	8	23	20	72	12	12	399	758	97	61	72
150	105	186	145	65	20	556	63	168	12	30	19	69	4	5	545	785	77	54	58
151	115	170	144	77	16	687	33	184	17	30	22	52	6	4	665	672	53	60	49
152	117	165	128	67	18	845	29	222	6	37	23	53	15	13	728	717	33	52	44
153	110	177	114	74	24	860	16	222	7	31	16	36	5	7	869	596	50	54	54
154	125	130	101	71	25	877	17	224	24	21	24	47	8	13	823	475	54	40	49
155	109	93	73	68	29	697	14	244	16	26	13	48	6	6	772	344	28	37	46
156	114	60	63	60	19	628	21	233	7	33	17	55	4	6	700	219	30	42	39
157	126	44	40	46	16	495	9	192	5	24	11	77	6	5	542	168	31	40	43
158	91	29	35	34	18	345	15	218	9	14	19	97	14	4	425	122	34	40	35
159	105	32	26	37	18	264	14	184	5	25	18	183	9	11	354	78	18	35	41
160	90	18	20	46	6	187	10	172	7	11	15	289	12	8	230	41	18	32	40
161	94	18	26	22	12	131	10	149	9	13	19	399	13	4	178	41	20	24	29
162	80	22	20	18	8	94	9	143	10	17	16	564	4	5	98	31	17	43	33
163	62	11	16	32	5	56	7	133	6	14	14	751	2	5	85	21	15	19	40
164	80	20	24	25	6	40	12	103	3	16	13	838	8	3	34	20	12	41	35
165	80	16	21	19	5	38	13	129	7	12	18	930	12	2	35	12	21	27	32
166	74	14	25	17	5	22	10	92	2	16	27	821	7	1	19	13	21	33	46
167	74	8	23	20	6	37	9	97	5	12	16	780	13	5	16	12	14	33	38
168	66	12	20	26	7	45	12	69	6	8	19	666	11	8	8	7	26	42	28
169	67	12	15	13	6	32	12	75	3	10	20	554	12	7	19	13	24	22	34
170	55	11	10	7	15	42	9	83	5	8	17	377	11	2	24	18	28	23	33
171	51	10	13	15	8	68	10	62	8	11	22	233	9	4	32	8	27	25	27
172	38	6	7	13	7	118	12	47	6	11	32	197	5	5	43	14	20	34	38
173	40	14	12	10	16	176	12	59	9	12	34	94	7	0	43	9	32	32	34
174	48	7	7	13	16	221	9	67	7	25	35	80	5	3	67	6	21	35	40
175	50	11	5	11	14	300	9	57	6	19	43	48	6	2	66	14	34	35	43
176	39	6	12	18	11	397	7	43	3	24	54	37	12	2	60	12	38	48	51
177	42	7	11	11	6	463	6	52	11	29	53	46	9	4	70	14	49	39	40
178	43	6	11	14	13	459	10	47	6	23	51	47	8	5	76	7	49	32	65
179	41	7	11	18	17	488	5	56	12	25	52	22	5	4	61	7	50	39	51
180	45	16	8	16	8	441	8	62	5	28	68	31	8	2	56	9	37	33	96
181	36	10	7	23	13	413	11	47	9	16	54	29	3	1	44	13	48	32	73
182	44	11	12	27	7	316	7	37	8	13	45	26	7	5	33	9	36	35	86
183	34	8	10	24	9	276	8	63	7	18	32	25	9	2	34	8	37	23	114
184	38	16	8	15	6	189	22	63	6	13	49	41	6	1	27	9	29	22	94
185	25	10	6	17	3	154	12	58	6	17	44	38	2	5	30	9	24	41	110
186	29	17	7	18	6	102	21	44	8	10	39	58	8	3	7	5	34	33	108
187	35	13	19	15	7	59	22	82	3	14	41	62	6	3	10	5	24	34	77
188	26	17	16	18	9	39	16	53	4	8	34	100	9	2	7	5	30	23	72
189	36	22	15	11	5	26	23	76	8	16	30	144	4	1	5	12	27	29	74
190	36	23	17	21	6	20	22	59	5	9	16	214	6	3	5	11	20	37	51
191	37	24	26	13	5	10	31	55	5	8	25	287	2	4	5	8	18	22	39
192	38	28	21	21	4	14	30	68	6	10	24	378	6	4	3	14	21	29	44
193	34	32	27	15	9	7	24	81	6	13	26	496	3	1	2	10	27	36	33
194	26	25	31	16	10	8	27	55	8	10	22	505	1	4	3	13	21	35	35
195	21	34	20	12	10	14	24	47	11	18	19	481	6	2	3	14	21	22	32
196	23	22	27	19	8	14	18	53	4	10	13	503	5	0	1	12	12	30	22
197	28	28	28	10	5	12	26	52	4	11	21	439	3	7	2	24	23	28	30
198	27	30	25	10	9	6	22	46	6	11	22	337	4	4	0	34	22	26	34
199	16	31	22	10	18	21	24	43	8	14	11	268	2	6	4	27	15	34	34
200	20	22	22	9	24	13	15	24	8	8	12	229	9	3	2	29	21	21	36
201	20	23	14	8	13	24	14	29	5	12	16	146	2	6	0	24	17	30	38
202	10	22	8	12	9	28	17	29	3	13	17	90	2	0	0	33	18	24	37
203	14	32	20	8	8	39	10	22	2	16	19	68	5	1	1	35	22	28	34
204	8	21	22	5	11	41	9	23	8	28	12	39	8	4	5	34	18	21	38
205	8	28	18	4	4	40	15	15	10	18	10	34	5	5	1	26	27	39	49
206	6	28	14	4	9	63	8	16	6	20	15	22	6	6	1	26	19	21	32
207	12	9	12	6	11	49	16	18	6	18	13	12	2	4	6	29	27	28	40
208	4	26	13	5	3	47	12	8	3	20	14	10	2	7	3	28	23	34	21
209	5	10	17	5	7	41	9	9	7	16	15	7	2	2	5	27	23	18	37
210	5	19	11	7	5	30	7	7	10	12	14	6	5	4	0	25	20	28	30
211	7	14	11	8	9	30	8	5	4	8	12	3	7	6	7	23	16	21	20
212	4	12	5	5	7	34	8	4	2	7	12	6	6	3	2	18	16	26	30
213	3	12	6	2	0	21	9	2	5	19	10	9	3	2	3	14	23	25	34
214	5	11	4	2	5	16	9	6	8	13	9	6	4	0	5	13	20	23	26
215	2	9	6	3	5	20	4	4	6	21	15	6	2	3	3	18	23	25	13
216	2	16	9	3	10	14	6	5	6	20	11	4	3	4	1	21	31	17	20
217	7	11	9	3	7	12	9	4	5	23	12	13	4	0	2	18	19	16	22
218	5	13	10	0	8	6	8	4	5	26	13	6	2	0	5	12	22	23	25
219	3	5	3	2	5	4	6	4	9	32	8	12	7	1	8	25	13	20	22
220	4	12	4	5	5	9	7	3	5	33	18	15	4	3	5	14	26	22	18
221	6	8	6	1	10	5	7	3	10	38	15	28	2	2	4	10	18	21	20
222	4	9	7	4	7	3	5	4	5	33	10	28	10	3	7	8	23	23	23
223	3	5	9	4	7	8	7	4	7	27	12	38	4	4	7	13	20	28	23
224	3	7	8	4	5	6	5	3	4	30	21	50	5	1	7	12	22	20	22
225	5	14	10	4	2	5	6	8	3	19	22	52	2	1	12	16	33	12	24
226	2	8	7	4	2	6	7	5	4	15	21	50	6	2	15	4	22	15	16
227	6	11	2	3	10	2	11	7	5	13	13	39	4	1	8	9	25	19	22
228	2	10	7	1	7	3	10	3	5	15	10	29	5	7	7	8	31	17	20
229	3	6	4	4	6	6	8	8	5	12	14	28	2	2	8	5	56	12	16
230	4	10	6	1	6	6	2	4	4	11	10	26	3	3	13	8	81	17	19
231	4	8	7	1	4	7	9	9	6	11	18	22	1	2	3	10	115	10	19
232	5	3	7	2	4	5	9	7	3	9	8	15	2	1	2	5	183	19	14
233	3	12	6	4	6	8	4	4	4	8	7	9	3	1	3	5	297	20	14
234	2	6	3	3	4	7	11	10	1	16	7	13	5	1	6	5	490	12	17
235	1	8	4	2	6	4	5	6	3	20	8	12	6	2	5	4	676	20	13
236	3	8	7	2	10	5	9	3	8	14	5	7	3	2	2	8	865	18	27
237	1	14	3	1	6	7	12	6	2	17	2	4	2	2	2	4	1035	16	20
238	3	6	3	1	7	3	9	4	2	20	5	5	6	3	2	11	1074	11	15
239	2	12	6	1	10	1	11	10	7	11	4	3	2	0	2	10	1099	14	23
240	2	7	4	0	6	5	10	3	3	9	2	2	6	1	1	12	1038	18	14
241	4	11	3	0	6	5	9	1	4	19	1	2	6	3	4	9	898	12	17
242	2	7	5	2	8	5	8	6	4	11	2	1	4	1	3	9	691	8	12
243	3	7	3	1	5	5	5	5	3	16	2	1	4	4	2	8	467	13	20
244	2	6	7	1	2	5	2	2	3	12	4	6	9	4	2	10	364	17	24
245	1	9	4	1	7	2	9	1	1	24	3	1	1	3	0	9	244	12	20
246	3	6	6	0	4	4	3	4	2	14	1	2	3	0	2	7	132	10	17
247	1	12	5	0	8	6	5	4	3	10	3	3	3	1	3	15	73	14	14
248	0	8	3	1	7	3	4	2	2	18	3	2	6	2	0	6	45	10	15
249	1	7	2	0	3	3	3	3	7	22	2	4	5	1	0	9	20	20	17
250	2	6	7	0	5	4	5	1	7	23	2	2	4	5	1	12	20	12	11
251	1	8	9	0	4	7	2	0	5	14	1	2	2	1	4	8	13	15	16
252	3	9	1	2	5	1	4	1	5	24	1	0	6	2	0	8	15	17	17
253	1	9	7	2	2	7	1	1	7	35	0	1	4	4	0	11	12	8	10
254	0	6	6	2	9	7	2	0	7	57	3	1	2	1	2	7	12	11	15
255	1	3	4	0	3	3	2	3	4	82	2	1	1	2	4	18	17	9	14
256	2	4	5	0	3	4	1	0	0	129	2	2	0	0	2	10	17	13	9
257	1	3	4	0	4	2	3	2	4	205	2	0	1	3	1	10	20	5	9
258	1	1	3	0	9	2	0	2	3	296	0	2	7	2	0	8	24	15	11
259	3	2	2	1	4	4	1	1	4	447	1	1	3	4	2	5	44	20	11
260	3	0	1	0	7	4	1	2	4	532	1	2	3	1	1	4	55	15	15
261	6	2	2	0	2	6	0	1	2	649	0	1	3	1	0	5	71	8	9
262	2	2	1	2	2	5	2	1	3	684	1	4	1	1	1	2	103	7	16
263	4	3	1	0	6	6	0	1	4	640	0	3	4	4	1	2	115	6	11
264	3	3	3	0	1	4	0	3	4	606	0	1	0	3	0	5	129	11	9
265	7	1	2	0	2	2	0	0	5	446	2	0	3	0	2	2	148	4	5
266	1	3	1	0	2	7	3	2	5	367	2	0	1	1	3	5	170	15	14
267	3	1	3	0	4	6	2	0	3	273	0	1	5	0	0	3	135	5	12
268	3	0	2	0	1	2	0	1	3	183	1	0	1	2	3	2	125	15	9
269	1	3	0	1	4	3	0	1	4	110	2	1	1	1	2	1	111	6	11
270	2	0	2	2	4	4	1	1	2	78	0	3	0	0	1	0	76	7	15
271	2	0	1	0	6	2	0	0	3	47	0	2	4	1	2	7	55	8	14
272	2	1	1	0	6	5	2	1	3	12	1	2	2	1	1	3	41	6	8
273	1	0	2	1	3	5	2	4	4	14	0	2	3	0	0	2	30	8	14
274	1	0	1	0	3	2	1	1	3	7	2	3	2	0	1	1	11	11	10
275	1	1	0	1	4	2	0	3	5	8	1	0	5	0	1	1	6	6	9
276	2	1	1	0	2	6	2	1	4	2	2	1	0	1	0	5	7	9	9
277	0	1	0	2	4	9	0	1	3	2	2	1	1	2	0	2	3	10	12
278	1	0	1	0	6	1	1	2	3	6	0	3	3	2	0	3	7	5	12
279	1	3	2	0	7	3	0	1	0	6	2	1	5	2	0	0	1	4	12
280	3	2	1	1	2	3	0	0	1	7	0	1	5	1	0	1	4	4	9
281	0	0	1	0	4	9	1	0	2	2	1	1	4	1	0	1	0	8	9
282	1	0	1	1	4	4	2	0	2	10	1	0	2	1	0	0	3	8	6
283	0	0	1	0	2	2	1	0	3	4	2	0	1	0	0	0	1	4	8
284	2	1	0	2	4	3	1	1	3	8	0	4	3	0	0	2	0	4	8
285	1	1	2	0	4	4	0	1	3	18	0	3	5	0	1	1	0	12	9
286	2	0	0	1	2	5	0	1	3	20	2	5	4	3	1	2	1	10	3
287	0	0	2	0	5	5	1	2	5	28	0	0	2	0	0	0	2	9	9
288	0	0	1	0	2	3	0	1	3	42	1	1	3	1	2	2	1	8	9
289	0	0	0	0	5	4	2	0	2	62	0	0	1	1	2	0	2	7	6
290	1	1	1	0	3	4	1	1	2	76	1	3	1	2	0	0	2	8	8
291	3	0	0	0	5	1	0	2	2	78	0	3	5	2	0	1	1	5	5
292	2	1	1	0	5	3	0	0	2	91	2	1	1	1	0	0	2	7	4
293	0	0	1	0	2	6	4	1	3	84	0	1	3	2	1	0	1	5	7
294	3	0	0	1	7	1	0	2	4	73	1	0	1	2	0	1	1	7	8
295	2	1	1	0	3	1	0	0	3	58	1	1	0	3	0	1	1	5	6
296	2	1	0	0	6	6	1	0	5	54	3	0	1	0	1	0	2	6	8
297	0	2	0	1	5	1	1	0	4	53	2	2	2	1	1	0	2	4	3
298	1	0	1	0	2	2	0	0	1	32	0	0	2	1	2	2	0	5	7
299	2	0	0	0	4	3	1	1	1	16	2	1	0	5	0	0	2	4	7
300	1	0	1	0	4	2	0	1	4	14	0	5	5	2	5	0	3	6	4
301	2	0	2	1	3	3	0	3	2	10	0	1	2	3	1	0	3	9	2
302	2	0	0	0	3	6	2	1	2	12	3	0	1	4	3	0	2	2	3
303	1	0	1	1	5	3	0	0	2	5	1	0	4	3	3	3	0	6	6
304	0	0	0	0	4	3	0	1	3	4	0	1	6	0	2	1	1	1	6
305	0	0	0	0	3	1	0	1	3	1	1	1	4	0	4	0	1	5	7
306	2	2	0	1	2	4	1	0	2	0	1	1	1	0	0	2	0	2	11
307	1	0	0	0	5	7	0	1	4	1	1	2	2	1	1	0	0	5	5
308	0	1	0	0	2	5	0	0	3	1	1	1	1	3	2	1	1	6	6
309	1	1	0	0	3	1	0	0	1	1	3	2	2	0	0	0	2	4	6
310	0	0	0	0	4	3	1	0	1	0	1	3	2	3	0	1	0	9	12
311	0	1	0	0	4	2	1	0	1	1	1	2	1	0	1	0	2	5	11
312	0	0	0	0	3	4	2	1	1	0	0	0	1	1	1	0	0	6	9
313	1	1	0	0	7	0	0	1	1	2	3	0	2	0	0	0	0	5	6
314	0	1	1	0	9	1	0	0	0	0	1	1	1	0	0	0	1	5	10
315	0	0	0	0	2	2	0	1	2	0	0	2	6	2	0	0	2	1	6
316	1	0	1	0	4	3	1	0	3	1	0	1	3	2	0	2	0	4	3
317	1	0	0	0	8	4	1	0	3	1	1	0	1	0	0	1	0	3	6
318	0	2	0	0	15	0	2	1	2	0	1	2	3	1	0	0	0	8	3
319	0	0	0	1	26	2	1	1	2	0	0	1	4	1	1	0	1	5	6
320	2	0	0	1	30	4	0	1	1	0	1	0	2	0	1	0	1	6	4
321	0	0	1	0	59	3	0	1	3	0	2	1	2	0	1	2	2	3	5
322	0	0	2	0	51	5	2	1	3	0	3	1	2	1	0	1	0	5	1
323	2	0	1	0	92	4	0	0	1	0	0	2	3	1	2	0	1	2	4
324	2	0	0	0	120	0	0	0	2	0	1	0	2	0	0	1	0	8	6
325	1	0	0	0	158	3	0	2	0	0	1	0	1	0	0	0	1	2	3
326	1	0	0	0	136	1	1	0	2	1	0	2	2	0	1	0	1	2	4
327	0	0	0	1	144	1	0	1	1	0	1	0	2	2	0	1	1	8	4
328	0	0	0	0	130	1	1	0	3	0	0	2	1	1	0	1	1	3	4
329	1	0	1	1	88	2	1	2	1	0	0	0	2	2	1	0	0	2	5
330	0	0	1	0	73	1	0	0	4	0	0	0	1	0	0	0	2	3	1
331	0	1	0	0	63	3	0	3	2	0	2	2	2	2	1	2	0	3	3
332	0	0	1	0	42	4	1	0	1	0	0	1	1	1	0	0	0	2	3
333	1	0	1	0	39	4	0	1	4	0	0	1	2	0	0	1	0	2	2
334	3	2	0	0	14	1	0	1	2	1	1	2	1	0	0	1	2	1	4
335	0	0	0	0	7	1	0	1	3	3	0	0	1	0	0	1	0	1	3
336	0	0	0	0	1	5	0	1	2	0	0	0	1	0	0	0	0	1	4
337	0	0	0	1	3	3	1	1	2	0	0	0	1	1	0	0	1	5	2
338	1	2	0	0	4	1	0	1	1	1	0	2	2	2	0	0	1	1	6
339	0	1	1	0	1	1	0	2	6	0	0	2	0	2	0	0	0	1	4
340	2	0	2	0	4	1	0	0	0	0	0	0	2	2	0	0	1	3	6
341	1	1	0	0	3	2	0	1	2	2	1	1	3	1	0	0	0	4	5
342	0	0	0	0	2	2	0	1	1	0	0	0	0	1	0	1	0	1	3
343	0	0	0	1	2	0	0	2	3	0	0	0	3	0	0	0	1	0	4
344	0	2	0	0	0	3	0	0	4	1	0	2	0	2	0	0	2	0	3
345	1	1	0	1	1	1	0	1	2	0	0	0	1	0	2	0	0	2	4
346	0	0	0	0	0	0	1	0	7	0	0	2	2	0	1	0	0	3	3
347	0	0	0	0	0	2	0	1	7	0	1	0	0	0	1	0	2	2	0
348	0	1	0	0	0	1	1	1	19	0	0	0	0	0	0	2	0	1	2
349	0	1	1	0	2	2	1	0	27	0	1	0	3	0	1	1	0	2	5
350	0	0	0	0	1	1	0	1	35	0	1	1	2	2	0	1	0	1	6
351	0	0	0	0	0	2	0	0	36	0	0	0	0	1	0	0	2	1	1
352	0	0	0	0	1	1	0	0	50	0	0	0	0	0	0	0	2	3	3
353	0	0	0	0	0	3	0	0	63	0	0	0	2	0	1	1	0	2	5
354	0	0	1	0	2	3	2	0	51	2	0	0	3	0	0	0	1	6	4
355	0	0	0	0	3	2	0	1	59	0	0	0	2	0	0	0	0	6	2
356	0	0	2	0	1	3	0	1	38	0	1	0	2	0	0	0	0	5	2
357	0	0	0	0	0	0	1	0	44	0	1	0	1	0	0	1	1	0	4
358	1	1	0	1	3	2	0	0	27	0	0	1	6	0	0	0	0	3	4
359	0	0	0	0	3	2	0	1	23	0	0	1	0	1	1	1	2	0	2
360	0	0	0	0	8	3	0	0	15	0	0	0	7	0	2	0	2	4	3
361	1	0	1	0	11	1	0	0	10	0	1	0	9	1	0	1	0	5	3
362	1	0	0	0	14	2	0	0	1	0	1	0	6	1	0	1	0	2	1
363	0	0	1	0	25	0	0	2	3	0	0	1	16	0	0	0	1	2	2
364	0	0	0	0	15	1	1	1	5	0	0	0	23	0	0	0	0	1	2
365	0	0	0	0	19	1	0	0	2	0	0	1	30	0	0	0	1	0	6
366	0	1	0	0	18	0	0	1	2	0	1	1	29	0	0	1	0	5	2
367	0	0	0	0	21	2	0	1	0	0	0	1	33	0	0	0	1	4	6
368	1	0	0	0	8	4	0	0	1	0	0	0	31	1	0	0	0	2	1
369	0	0	0	1	10	3	1	0	0	1	0	0	30	0	1	1	0	3	3
370	0	0	0	0	7	2	1	0	0	0	0	0	28	0	0	0	0	2	3
371	1	0	0	0	6	3	0	2	1	0	0	0	19	2	0	0	1	0	4
372	0	1	0	0	6	0	0	0	0	0	0	0	21	0	0	0	1	0	3
373	0	0	0	0	3	0	1	0	0	0	0	0	9	1	1	0	2	0	2
374	0	0	0	0	7	1	0	2	0	0	1	0	8	0	0	1	1	1	1
375	0	0	0	0	0	2	1	1	0	0	1	0	5	0	0	0	0	1	5
376	0	0	0	0	4	0	0	0	1	1	0	2	3	0	0	0	0	3	1
377	0	0	0	0	2	1	1	0	1	0	1	0	2	0	0	0	1	2	2
378	0	0	0	1	1	1	1	0	1	0	1	1	1	1	1	0	1	0	3
379	1	1	0	0	0	2	0	0	3	1	0	0	0	1	0	0	0	1	1
380	0	0	1	0	0	0	0	0	0	0	0	1	1	2	0	0	1	2	3
381	0	0	1	0	0	0	0	0	2	0	0	0	1	2	0	0	1	4	0
382	0	0	0	1	0	3	0	2	1	1	0	0	0	2	0	0	2	3	0
383	1	1	0	0	0	0	1	0	0	0	0	0	1	1	0	1	1	0	5
384	1	0	0	0	0	2	0	2	0	0	0	0	0	1	0	1	0	3	0
385	0	0	0	0	0	0	0	0	1	0	0	0	1	1	0	0	0	2	0
386	0	1	0	0	0	0	0	0	0	0	0	0	0	0	0	1	1	2	1
387	0	0	0	0	0	1	0	0	2	0	0	1	1	0	1	0	0	1	1
388	1	0	0	0	0	1	0	0	4	0	0	0	0	1	0	0	0	0	3
389	0	0	0	0	0	2	0	0	3	0	1	0	0	0	0	0	1	3	3
390	0	0	0	0	0	1	0	1	2	0	0	0	0	1	0	0	0	1	1
391	0	1	0	0	0	0	0	1	3	0	0	0	1	0	0	0	2	2	0
392	0	0	0	0	1	1	1	0	3	0	0	0	0	1	0	0	0	2	1
393	0	0	0	0	0	0	0	0	6	1	0	1	0	1	0	1	0	0	0
394	0	0	0	0	0	4	0	0	13	0	0	0	0	1	0	0	0	1	3
395	0	0	0	0	0	1	0	0	8	1	0	0	0	0	0	0	1	0	1
396	0	0	0	0	0	1	0	0	7	0	0	0	3	0	0	0	0	0	1
397	0	0	0	0	0	1	0	2	11	0	1	0	0	0	1	0	0	1	2
398	0	0	1	0	0	0	0	0	5	0	0	0	0	1	0	0	0	0	2
399	0	0	1	0	0	0	0	1	8	0	0	0	0	0	0	0	1	0	1
400	0	0	1	1	0	0	0	0	5	0	0	0	1	0	0	0	0	0	1
401	0	0	0	0	0	0	0	0	8	1	0	0	0	0	0	0	0	1	2
402	0	0	0	0	0	2	0	0	0	0	0	0	0	0	0	0	0	0	0
403	0	0	0	0	0	0	0	0	7	0	0	0	0	0	0	0	0	1	0
404	0	0	0	0	0	1	0	0	5	1	0	0	0	0	0	0	0	1	0
405	0	0	0	0	0	0	0	0	0	0	0	0	3	0	0	0	0	3	1
406	0	0	0	0	0	2	0	0	2	0	0	0	2	0	0	0	0	2	2
407	0	1	0	0	0	0	0	0	2	0	1	0	1	1	0	0	0	1	0
408	0	0	0	0	0	0	0	0	1	0	0	0	3	0	0	0	0	0	1
409	1	0	0	0	0	0	0	0	0	0	1	0	4	0	1	1	0	0	1
410	0	0	1	0	0	1	0	0	0	0	0	0	5	0	0	0	2	0	1
411	0	0	0	0	0	0	0	0	1	1	0	0	6	0	0	0	0	2	0
412	0	0	0	0	0	1	0	0	0	0	1	1	6	0	0	1	0	0	0
413	0	0	0	0	0	1	0	0	0	0	0	0	2	0	0	0	0	0	0
414	0	0	0	0	0	1	0	0	0	0	0	0	5	0	0	0	0	1	1
415	0	1	0	0	0	1	0	0	0	0	2	0	6	1	1	0	1	0	1
416	0	0	0	0	0	2	0	0	0	1	0	0	3	0	0	0	0	0	1
417	1	0	0	0	0	0	0	0	0	0	0	0	2	0	0	0	0	1	1
418	0	0	0	0	0	1	0	0	0	0	0	0	3	0	0	0	0	1	1
419	0	0	0	0	0	2	0	0	0	0	0	0	0	0	1	0	0	0	1
420	0	0	0	0	0	0	0	0	0	0	0	0	3	0	0	0	0	0	1
421	0	0	0	0	0	1	0	0	0	0	0	0	0	0	0	0	0	1	3
422	0	0	0	0	0	0	0	0	0	0	0	0	0	0	0	0	0	0	0
423	0	0	0	0	0	0	0	1	0	0	0	0	0	0	0	0	0	1	0
424	0	0	0	0	0	0	0	0	0	0	0	0	0	1	0	0	0	0	1
425	0	1	0	0	0	1	0	0	0	0	0	0	0	0	0	0	1	0	0
426	0	0	0	0	0	0	0	0	0	0	0	0	2	0	1	0	0	0	0
427	0	0	1	0	0	0	0	0	0	0	0	0	0	0	0	0	0	0	0
428	0	0	0	0	0	0	0	0	0	0	0	0	1	0	0	0	0	1	1
429	0	0	0	0	0	0	0	0	0	0	1	0	1	0	1	0	0	1	0
430	0	0	0	0	0	0	0	0	0	0	0	0	0	0	0	0	1	0	1
431	0	0	1	0	0	0	0	1	0	0	0	0	0	1	2	0	0	0	0
432	1	1	0	0	0	1	0	0	0	0	0	0	0	0	0	0	0	2	1
433	0	0	0	1	0	2	0	0	0	0	0	0	0	0	0	0	0	0	0
434	0	0	0	0	0	0	0	0	0	0	0	0	0	0	0	0	1	1	0
435	0	0	0	0	0	0	0	0	0	0	0	0	0	0	0	0	0	0	0
436	0	0	0	0	0	0	0	0	0	0	0	0	0	0	0	0	0	0	1
437	0	0	0	0	0	0	0	0	0	0	0	0	0	0	0	0	0	0	0
438	0	0	0	0	0	0	1	0	0	2	0	0	1	0	1	0	1	0	1
439	1	0	0	0	0	1	0	0	0	1	0	0	0	0	0	0	0	0	0
440	0	0	0	0	1	0	0	0	0	0	0	0	0	0	0	0	0	0	0
441	0	0	0	0	0	1	0	0	0	0	0	0	0	0	0	0	0	0	0
442	0	0	0	0	0	0	0	0	0	0	1	0	0	0	0	0	2	1	1
443	0	0	0	0	0	0	0	0	0	0	0	0	0	0	0	0	0	0	2
444	0	0	0	0	0	0	0	0	0	0	0	1	0	0	0	0	0	0	0
445	0	0	0	0	0	0	0	0	0	0	0	0	1	0	0	0	0	0	0
446	0	0	0	0	0	1	0	0	0	0	0	0	0	0	0	0	0	0	1
447	0	0	0	0	0	0	0	0	0	0	0	0	0	0	0	0	0	0	0
448	0	0	0	0	0	0	0	0	0	0	0	0	0	0	0	0	0	0	0
449	0	0	0	0	0	0	0	0	0	0	0	0	0	0	0	0	1	0	0
450	0	0	0	0	0	0	0	0	0	0	0	0	0	0	0	0	1	0	0
451	0	0	0	0	0	0	0	0	0	0	0	0	0	0	0	0	1	0	0
452	0	0	0	0	1	0	0	0	0	0	0	0	0	0	0	0	0	0	0
453	0	0	0	0	0	0	0	0	0	0	0	0	0	0	0	0	0	0	0
454	0	0	0	0	0	0	0	0	0	0	0	0	0	0	0	0	1	0	0
455	0	0	0	0	0	0	0	0	0	1	0	0	0	0	0	0	0	0	0
456	0	0	0	0	0	0	0	0	0	0	0	0	0	0	0	0	0	0	0
457	0	0	0	0	0	0	0	0	0	0	0	0	0	0	0	0	0	0	0
458	0	0	0	0	0	0	0	0	0	0	0	0	0	0	0	0	0	0	0
459	0	0	0	0	0	0	0	0	0	0	0	0	0	0	0	0	0	0	0
460	0	0	0	0	0	0	0	0	0	0	0	0	0	0	0	0	0	0	0
461	1	0	0	0	0	0	0	0	0	0	0	0	0	0	0	0	0	0	0
462	0	0	0	0	0	0	0	0	0	2	0	0	0	1	0	0	0	2	0
463	0	0	0	0	0	0	0	0	0	0	0	0	0	0	0	0	0	0	0
464	0	0	0	0	0	1	0	0	0	0	0	0	0	0	0	0	0	0	0
465	0	0	0	0	0	0	0	0	0	0	0	0	0	0	0	0	0	0	0
466	0	0	1	0	0	0	0	0	0	0	0	0	0	0	0	0	0	0	0
467	0	0	0	0	0	0	0	0	0	0	0	0	0	0	0	0	0	0	0
468	0	0	0	0	0	0	0	0	0	0	0	0	0	0	0	0	0	0	0
469	0	0	0	0	0	0	0	0	0	0	0	0	0	0	0	0	0	1	0
470	0	0	0	0	0	0	0	0	0	0	0	0	0	0	0	0	0	0	0
471	0	0	0	0	0	0	0	0	0	0	0	0	0	0	0	0	1	0	0
472	0	0	0	0	1	0	0	0	0	0	0	0	0	0	0	0	0	0	0
473	0	0	0	0	0	0	0	0	0	0	0	0	0	0	0	0	0	0	0
474	0	0	0	0	0	0	0	0	0	0	0	0	0	0	0	0	0	0	0
475	0	0	0	0	1	0	0	0	0	0	0	1	0	0	0	0	0	0	0
476	0	0	0	0	0	0	0	0	0	0	0	0	0	0	0	0	0	0	0
477	0	0	0	0	0	0	0	0	0	0	0	1	0	0	0	0	0	0	0
478	0	0	0	0	0	0	0	0	0	0	0	0	0	0	0	0	0	0	0
479	0	0	0	0	0	0	0	0	0	0	0	0	0	0	0	0	0	0	0
480	0	0	0	0	0	0	0	0	0	0	0	0	0	0	1	0	0	0	0
481	0	0	0	0	0	0	0	0	0	0	0	0	0	0	0	0	0	0	0
482	0	0	0	0	0	0	0	0	0	1	0	0	0	0	0	0	0	0	0
483	0	0	0	0	0	0	0	0	0	0	0	0	0	0	0	0	0	0	0
484	0	0	0	0	0	0	0	0	0	0	0	0	0	0	0	0	0	0	0
485	0	0	0	0	0	0	0	0	0	0	0	0	0	0	0	0	0	0	0
486	0	0	0	0	0	0	0	0	0	0	0	0	0	0	0	0	0	0	0
487	0	0	0	0	0	0	0	0	0	0	0	0	0	0	0	0	0	0	0
488	0	0	0	0	0	0	0	0	0	0	0	0	0	0	0	0	0	0	0
489	0	0	0	0	0	0	0	0	0	0	0	0	0	0	0	0	0	0	0
490	0	0	0	0	0	0	0	0	0	0	0	0	0	0	0	0	0	0	0
491	0	0	0	0	0	0	0	0	0	0	0	0	0	0	0	0	0	0	0
492	0	0	0	0	0	0	0	0	0	0	0	0	0	0	0	0	0	0	0
493	0	0	0	0	0	0	0	0	0	0	0	0	0	0	0	0	0	0	0
494	0	0	0	0	0	0	0	0	0	0	0	0	0	0	0	0	0	0	0
495	0	0	0	0	0	0	0	0	0	0	0	0	0	0	0	0	0	0	0
496	0	0	0	0	0	0	0	0	0	0	0	0	0	0	0	0	0	0	0
497	0	0	0	0	0	0	0	0	0	0	0	0	0	0	0	0	0	0	0
498	0	0	0	0	0	0	0	0	0	0	0	0	0	0	0	0	0	0	0
499	0	0	0	0	0	0	0	0	0	0	0	0	0	0	0	0	0	0	0
500	0	0	0	0	0	0	0	0	0	0	0	0	0	0	0	0	0	0	0
501	0	0	0	0	0	0	0	0	0	0	0	0	0	0	0	0	0	0	0
502	0	0	0	0	0	0	0	0	0	0	0	0	0	0	0	0	0	0	1
503	0	0	0	0	0	0	0	0	0	0	0	0	0	0	0	0	0	0	0
504	0	0	0	0	0	0	0	0	0	0	0	0	0	0	0	0	0	0	0
505	0	0	0	0	0	0	0	0	0	0	0	0	0	0	0	0	0	0	0
506	0	0	0	0	0	0	0	0	0	0	0	0	0	0	0	0	0	0	0
507	0	0	0	0	0	0	0	0	0	0	0	0	0	0	0	0	0	0	0
508	0	0	0	0	0	0	0	0	0	0	0	0	0	0	0	0	0	0	0
509	0	0	0	0	0	0	0	0	0	0	0	0	0	0	0	0	0	0	0
510	0	0	0	0	0	0	0	0	0	0	0	0	0	0	0	0	0	0	0
511	0	0	0	0	0	0	0	0	0	0	0	0	0	0	0	0	0	0	0
512	2	0	0	0	1	2	1	0	0	0	0	0	0	0	0	1	2	1	1
