28.50	1.39
28.51	1.19
28.52	1.16
28.53	1.38
28.54	1.37
28.55	1.40
28.56	1.28
28.57	1.47
28.58	1.23
28.59	1.44
28.60	1.36
28.61	1.34
28.62	1.44
28.63	1.35
28.64	1.51
28.65	1.31
28.66	1.29
28.67	1.44
28.68	1.14
28.69	1.22
28.70	1.27
28.71	1.41
28.72	1.33
28.73	1.46
28.74	1.34
28.75	1.43
28.76	1.57
28.77	1.38
28.78	1.34
28.79	1.33
28.80	1.43
28.81	1.38
28.82	1.39
28.83	1.23
28.84	1.31
28.85	1.36
28.86	1.32
28.87	1.36
28.88	1.28
28.89	1.31
28.90	1.37
28.91	1.50
28.92	1.17
28.93	1.26
28.94	1.28
28.95	1.02
28.96	1.27
28.97	1.23
28.98	1.36
28.99	1.51
29.00	1.11
29.01	1.41
29.02	1.33
29.03	1.34
29.04	1.15
29.05	1.18
29.06	1.36
29.07	1.22
29.08	1.34
29.09	1.48
29.10	1.41
29.11	1.34
29.12	1.28
29.13	1.42
29.14	1.29
29.15	1.26
29.16	1.34
29.17	1.53
29.18	1.17
29.19	1.32
29.20	1.18
29.21	1.39
29.22	1.45
29.23	1.23
29.24	1.27
29.25	1.24
29.26	1.32
29.27	1.32
29.28	1.29
29.29	1.18
29.30	1.42
29.31	1.24
29.32	1.24
29.33	1.23
29.34	1.16
29.35	1.33
29.36	1.68
29.37	1.32
29.38	1.27
29.39	1.37
29.40	1.25
29.41	1.32
29.42	1.32
29.43	1.22
29.44	1.30
29.45	1.35
29.46	1.36
29.47	1.27
29.48	1.39
29.49	1.20
29.50	1.36
29.51	1.21
29.52	1.27
29.53	1.37
29.54	1.11
29.55	1.23
29.56	1.22
29.57	1.31
29.58	1.38
29.59	1.43
29.60	1.29
29.61	1.11
29.62	1.18
29.63	1.12
29.64	1.19
29.65	1.24
29.66	1.17
29.67	1.26
29.68	1.21
29.69	1.14
29.70	1.40
29.71	1.44
29.72	1.42
29.73	1.43
29.74	1.29
29.75	1.44
29.76	1.41
29.77	1.45
29.78	1.36
29.79	1.13
29.80	1.60
29.81	1.40
29.82	1.28
29.83	1.27
29.84	1.21
29.85	1.19
29.86	1.32
29.87	1.43
29.88	1.22
29.89	1.28
29.90	1.41
29.91	1.56
29.92	1.21
29.93	1.44
29.94	1.23
29.95	1.30
29.96	1.20
29.97	1.32
29.98	1.41
29.99	1.45
30.00	1.32
30.01	1.42
30.02	1.34
30.03	1.26
30.04	1.32
30.05	1.32
30.06	1.16
30.07	1.43
30.08	1.33
30.09	1.26
30.10	1.29
30.11	1.32
30.12	1.44
30.13	1.32
30.14	1.38
30.15	1.31
30.16	1.66
30.17	1.39
30.18	1.63
30.19	1.65
30.20	1.86
30.21	1.60
30.22	1.89
30.23	1.95
30.24	2.17
30.25	2.23
30.26	2.46
30.27	2.38
30.28	2.41
30.29	2.71
30.30	2.67
30.31	3.03
30.32	2.93
30.33	3.17
30.34	3.38
30.35	3.03
30.36	3.33
30.37	3.69
30.38	3.23
30.39	3.71
30.40	3.65
30.41	3.83
30.42	3.52
30.43	3.32
30.44	3.40
30.45	3.73
30.46	2.97
30.47	3.08
30.48	3.08
30.49	3.09
30.50	3.15
30.51	3.10
30.52	2.73
30.53	2.52
30.54	2.65
30.55	2.77
30.56	2.66
30.57	2.89
30.58	2.45
30.59	2.83
30.60	2.84
30.61	2.76
30.62	2.66
30.63	2.83
30.64	2.41
30.65	2.51
30.66	2.45
30.67	2.22
30.68	2.36
30.69	2.00
30.70	1.88
30.71	2.02
30.72	1.62
30.73	1.54
30.74	1.63
30.75	1.69
30.76	1.45
30.77	1.32
30.78	1.24
30.79	1.50
30.80	1.33
30.81	1.43
30.82	1.36
30.83	1.58
30.84	1.44
30.85	1.41
30.86	1.40
30.87	1.22
30.88	1.50
30.89	1.35
30.90	1.32
30.91	1.20
30.92	1.19
30.93	1.48
30.94	1.27
30.95	1.28
30.96	1.27
30.97	1.27
30.98	1.35
30.99	1.27
31.00	1.39
31.01	1.27
31.02	1.36
31.03	1.18
31.04	1.24
31.05	1.21
31.06	1.37
31.07	1.29
31.08	1.32
31.09	1.22
31.10	1.14
31.11	1.21
31.12	1.40
31.13	1.43
31.14	1.13
31.15	1.13
31.16	1.22
31.17	1.34
31.18	1.17
31.19	1.30
31.20	1.23
31.21	1.17
31.22	1.18
31.23	1.43
31.24	1.02
31.25	1.24
31.26	1.29
31.27	1.13
31.28	1.17
31.29	1.07
31.30	1.03
31.31	1.23
31.32	1.36
31.33	1.09
31.34	1.17
31.35	1.00
31.36	1.22
31.37	1.19
31.38	1.23
31.39	1.21
31.40	1.08
31.41	1.18
31.42	1.23
31.43	1.03
31.44	1.43
31.45	1.22
31.46	1.18
31.47	1.23
31.48	1.34
31.49	0.97
31.50	1.19
31.51	0.94
31.52	1.24
31.53	1.17
31.54	1.37
31.55	1.18
31.56	1.18
31.57	1.22
31.58	1.22
31.59	1.27
31.60	1.27
31.61	1.36
31.62	1.39
31.63	1.38
31.64	1.22
31.65	1.38
31.66	1.23
31.67	1.28
31.68	1.32
31.69	1.23
31.70	1.07
31.71	1.20
31.72	1.07
31.73	1.27
31.74	1.18
31.75	1.20
31.76	1.13
31.77	1.23
31.78	1.33
31.79	1.14
31.80	1.18
31.81	1.08
31.82	1.13
31.83	1.12
31.84	1.07
31.85	1.19
31.86	1.05
31.87	1.02
31.88	1.18
31.89	1.23
31.90	1.11
31.91	1.37
31.92	1.12
31.93	1.13
31.94	0.99
31.95	1.21
31.96	1.10
31.97	1.18
31.98	1.23
31.99	1.13
32.00	1.23
