28.50	6.333
28.51	6.633
28.52	6.642
28.53	5.783
28.54	6.267
28.55	5.650
28.56	6.550
28.57	6.158
28.58	6.083
28.59	6.375
28.60	6.392
28.61	6.467
28.62	6.458
28.63	6.125
28.64	6.333
28.65	6.175
28.66	6.042
28.67	6.417
28.68	6.408
28.69	6.300
28.70	6.058
28.71	6.308
28.72	6.650
28.73	5.975
28.74	6.225
28.75	6.142
28.76	6.217
28.77	6.317
28.78	6.658
28.79	6.517
28.80	6.175
28.81	6.067
28.82	5.958
28.83	6.450
28.84	6.233
28.85	6.433
28.86	6.300
28.87	6.050
28.88	6.600
28.89	6.375
28.90	6.525
28.91	6.292
28.92	6.283
28.93	6.142
28.94	6.225
28.95	6.275
28.96	6.300
28.97	6.283
28.98	6.058
28.99	6.217
29.00	6.175
29.01	6.525
29.02	5.975
29.03	6.125
29.04	6.025
29.05	6.283
29.06	6.342
29.07	6.342
29.08	6.300
29.09	6.167
29.10	6.233
29.11	6.508
29.12	6.817
29.13	6.158
29.14	6.533
29.15	6.292
29.16	6.383
29.17	6.225
29.18	6.425
29.19	6.075
29.20	6.358
29.21	6.283
29.22	6.042
29.23	5.842
29.24	6.033
29.25	6.242
29.26	5.875
29.27	6.183
29.28	6.133
29.29	6.742
29.30	6.150
29.31	5.917
29.32	6.300
29.33	6.075
29.34	6.442
29.35	6.117
29.36	6.042
29.37	6.517
29.38	6.117
29.39	6.492
29.40	6.625
29.41	6.083
29.42	6.017
29.43	6.350
29.44	6.358
29.45	6.225
29.46	5.975
29.47	6.333
29.48	6.283
29.49	6.325
29.50	6.117
29.51	6.075
29.52	6.350
29.53	6.342
29.54	6.358
29.55	6.408
29.56	6.350
29.57	6.175
29.58	5.842
29.59	6.608
29.60	5.917
29.61	6.383
29.62	6.383
29.63	6.108
29.64	6.167
29.65	6.083
29.66	6.300
29.67	6.350
29.68	6.292
29.69	5.767
29.70	6.583
29.71	6.533
29.72	6.358
29.73	6.067
29.74	6.425
29.75	6.117
29.76	6.392
29.77	5.733
29.78	6.708
29.79	6.033
29.80	6.667
29.81	6.650
29.82	6.192
29.83	6.075
29.84	6.108
29.85	6.150
29.86	6.483
29.87	6.517
29.88	6.233
29.89	6.358
29.90	6.742
29.91	5.792
29.92	6.192
29.93	6.017
29.94	6.492
29.95	6.125
29.96	6.567
29.97	6.183
29.98	6.375
29.99	6.325
30.00	6.067
30.01	6.058
30.02	6.092
30.03	6.233
30.04	6.042
30.05	6.075
30.06	6.275
30.07	5.933
30.08	6.500
30.09	6.483
30.10	6.000
30.11	6.333
30.12	6.092
30.13	6.883
30.14	6.683
30.15	6.075
30.16	5.633
30.17	6.267
30.18	6.517
30.19	6.367
30.20	6.133
30.21	6.475
30.22	5.925
30.23	6.467
30.24	6.058
30.25	6.425
30.26	6.100
30.27	6.133
30.28	6.150
30.29	6.225
30.30	6.117
30.31	6.042
30.32	6.050
30.33	5.983
30.34	5.933
30.35	6.133
30.36	6.292
30.37	5.900
30.38	5.917
30.39	6.383
30.40	6.433
30.41	6.167
30.42	6.250
30.43	6.642
30.44	5.917
30.45	6.458
30.46	6.267
30.47	5.800
30.48	6.267
30.49	6.083
30.50	6.358
30.51	6.133
30.52	6.042
30.53	5.950
30.54	6.533
30.55	6.100
30.56	6.233
30.57	6.567
30.58	6.242
30.59	6.058
30.60	6.033
30.61	5.992
30.62	6.167
30.63	6.292
30.64	6.425
30.65	5.575
30.66	6.100
30.67	5.667
30.68	6.250
30.69	6.025
30.70	5.933
30.71	5.608
30.72	6.258
30.73	6.567
30.74	5.958
30.75	6.342
30.76	5.817
30.77	6.108
30.78	6.000
30.79	5.958
30.80	6.042
30.81	6.175
30.82	6.150
30.83	6.175
30.84	5.917
30.85	5.933
30.86	5.933
30.87	6.375
30.88	6.050
30.89	5.800
30.90	6.292
30.91	6.025
30.92	5.825
30.93	6.033
30.94	5.567
30.95	6.217
30.96	5.667
30.97	5.908
30.98	6.092
30.99	6.108
31.00	5.742
31.01	5.833
31.02	5.658
31.03	5.867
31.04	6.125
31.05	5.917
31.06	5.500
31.07	5.650
31.08	6.075
31.09	5.592
31.10	5.733
31.11	6.217
31.12	6.042
31.13	5.708
31.14	5.883
31.15	5.417
31.16	5.808
31.17	6.050
31.18	6.025
31.19	6.033
31.20	5.975
31.21	6.125
31.22	6.075
31.23	5.442
31.24	6.192
31.25	6.075
31.26	5.675
31.27	5.958
31.28	5.917
31.29	5.558
31.30	5.900
31.31	5.858
31.32	5.783
31.33	6.000
31.34	5.900
31.35	5.825
31.36	5.775
31.37	5.658
31.38	5.817
31.39	6.333
31.40	5.617
31.41	6.142
31.42	5.567
31.43	5.767
31.44	5.867
31.45	5.608
31.46	5.933
31.47	5.733
31.48	5.417
31.49	5.558
31.50	6.033
31.51	5.925
31.52	5.550
31.53	5.758
31.54	5.833
31.55	6.033
31.56	5.475
31.57	5.733
31.58	5.942
31.59	5.942
31.60	5.642
31.61	5.867
31.62	6.100
31.63	5.383
31.64	5.517
31.65	6.000
31.66	5.533
31.67	5.892
31.68	5.858
31.69	5.533
31.70	5.717
31.71	5.533
31.72	5.567
31.73	6.242
31.74	5.700
31.75	5.742
31.76	5.225
31.77	6.033
31.78	5.850
31.79	5.867
31.80	5.908
31.81	5.633
31.82	5.517
31.83	5.675
31.84	5.458
31.85	6.117
31.86	5.767
31.87	5.717
31.88	5.983
31.89	5.858
31.90	5.583
31.91	5.592
31.92	5.692
31.93	5.783
31.94	5.317
31.95	5.783
31.96	5.942
31.97	5.708
31.98	5.992
31.99	5.408
32.00	5.325
